               precision    recall  f1-score   support

        apple     0.7207    0.8000    0.7583       100
aquarium_fish     0.6569    0.6700    0.6634       100
         baby     0.4330    0.4200    0.4264       100
         bear     0.3214    0.2700    0.2935       100
       beaver     0.3939    0.3900    0.3920       100
          bed     0.4684    0.3700    0.4134       100
          bee     0.5463    0.5900    0.5673       100
       beetle     0.4846    0.6300    0.5478       100
      bicycle     0.6484    0.5900    0.6178       100
       bottle     0.6136    0.5400    0.5745       100
         bowl     0.2551    0.2500    0.2525       100
          boy     0.3645    0.3900    0.3768       100
       bridge     0.6019    0.6500    0.6250       100
          bus     0.4600    0.4600    0.4600       100
    butterfly     0.5588    0.3800    0.4524       100
        camel     0.5283    0.5600    0.5437       100
          can     0.5882    0.6000    0.5941       100
       castle     0.7629    0.7400    0.7513       100
  caterpillar     0.5349    0.4600    0.4946       100
       cattle     0.4835    0.4400    0.4607       100
        chair     0.6696    0.7500    0.7075       100
   chimpanzee     0.6505    0.6700    0.6601       100
        clock     0.4242    0.4200    0.4221       100
        cloud     0.7865    0.7000    0.7407       100
    cockroach     0.7087    0.7300    0.7192       100
        couch     0.3846    0.3500    0.3665       100
         crab     0.3717    0.4200    0.3944       100
    crocodile     0.5114    0.4500    0.4787       100
          cup     0.5149    0.5200    0.5174       100
     dinosaur     0.3932    0.4600    0.4240       100
      dolphin     0.4783    0.5500    0.5116       100
     elephant     0.5417    0.5200    0.5306       100
     flatfish     0.4725    0.4300    0.4503       100
       forest     0.5714    0.4800    0.5217       100
          fox     0.5405    0.6000    0.5687       100
         girl     0.2500    0.2900    0.2685       100
      hamster     0.6024    0.5000    0.5464       100
        house     0.5111    0.4600    0.4842       100
     kangaroo     0.3495    0.3600    0.3547       100
     keyboard     0.7473    0.6800    0.7120       100
         lamp     0.4211    0.4800    0.4486       100
   lawn_mower     0.7849    0.7300    0.7565       100
      leopard     0.6087    0.5600    0.5833       100
         lion     0.5242    0.6500    0.5804       100
       lizard     0.2766    0.2600    0.2680       100
      lobster     0.3810    0.3200    0.3478       100
          man     0.3210    0.2600    0.2873       100
   maple_tree     0.6139    0.6200    0.6169       100
   motorcycle     0.6909    0.7600    0.7238       100
     mountain     0.6762    0.7100    0.6927       100
        mouse     0.3830    0.3600    0.3711       100
     mushroom     0.5082    0.6200    0.5586       100
     oak_tree     0.5252    0.7300    0.6109       100
       orange     0.7757    0.8300    0.8019       100
       orchid     0.6566    0.6500    0.6533       100
        otter     0.2062    0.2000    0.2030       100
    palm_tree     0.6638    0.7700    0.7130       100
         pear     0.5631    0.5800    0.5714       100
 pickup_truck     0.6055    0.6600    0.6316       100
    pine_tree     0.5714    0.5600    0.5657       100
        plain     0.7959    0.7800    0.7879       100
        plate     0.5243    0.5400    0.5320       100
        poppy     0.5727    0.6300    0.6000       100
    porcupine     0.5604    0.5100    0.5340       100
       possum     0.3889    0.3500    0.3684       100
       rabbit     0.3025    0.3600    0.3288       100
      raccoon     0.4019    0.4300    0.4155       100
          ray     0.4198    0.3400    0.3757       100
         road     0.7850    0.8400    0.8116       100
       rocket     0.6733    0.6800    0.6766       100
         rose     0.6071    0.5100    0.5543       100
          sea     0.7723    0.7800    0.7761       100
         seal     0.2857    0.2800    0.2828       100
        shark     0.4124    0.4000    0.4061       100
        shrew     0.3421    0.3900    0.3645       100
        skunk     0.6937    0.7700    0.7299       100
   skyscraper     0.7064    0.7700    0.7368       100
        snail     0.4255    0.4000    0.4124       100
        snake     0.3846    0.4000    0.3922       100
       spider     0.5000    0.4500    0.4737       100
     squirrel     0.4030    0.2700    0.3234       100
    streetcar     0.5149    0.5200    0.5174       100
    sunflower     0.7925    0.8400    0.8155       100
 sweet_pepper     0.5000    0.5500    0.5238       100
        table     0.5500    0.4400    0.4889       100
         tank     0.5979    0.5800    0.5888       100
    telephone     0.5243    0.5400    0.5320       100
   television     0.5333    0.5600    0.5463       100
        tiger     0.7024    0.5900    0.6413       100
      tractor     0.6016    0.7400    0.6637       100
        train     0.5096    0.5300    0.5196       100
        trout     0.6566    0.6500    0.6533       100
        tulip     0.5165    0.4700    0.4921       100
       turtle     0.2793    0.3100    0.2938       100
     wardrobe     0.7368    0.8400    0.7850       100
        whale     0.5583    0.6700    0.6091       100
  willow_tree     0.6286    0.4400    0.5176       100
         wolf     0.5213    0.4900    0.5052       100
        woman     0.2763    0.2100    0.2386       100
         worm     0.5566    0.5900    0.5728       100

     accuracy                         0.5329     10000
    macro avg     0.5318    0.5329    0.5302     10000
 weighted avg     0.5318    0.5329    0.5302     10000
